0.997397621820595  0.010198794874465955
0.9974154180078938  0.007642245453376217
1.007410943207361  0.010202862574419935
1.0074287393946597  0.0076463131533301976
1.0174242645941272  0.010206930274374137
1.0174420607814258  0.0076503808532844
1.0274494501057592  0.008506631693601552
1.037462771492525  0.008510699393555532
1.042487228373207  0.005956183822442895
1.0474760928792914  0.008514767093509512
1.0525005497599729  0.0059602515223968755
1.0574894142660574  0.008518834793463492
1.0625138711467392  0.005964319222350856
1.0675086677152565  0.0076707193530543005
1.0775279211644553  0.006822603912645109
1.0883737086459742  0.007111071634382959
1.0975426998131217  0.008535105593279413
1.0975604960004204  0.005978556172189897
1.1075560211998878  0.008539173293233393
1.1075738173871865  0.005982623872143877
1.1175693425866537  0.008543240993187373
1.1175871387739527  0.0059866915720978575
1.127588596035853  0.0076951255527784035
1.125097129814027  0.005989742347063398
1.137595985360186  0.008551376393095556
1.1376137815474847  0.00599482697200604
1.1476093067469522  0.008555444093049536
1.1476271029342509  0.00599889467196002
1.1576226281337183  0.008559511793003516
1.1576404243210168  0.006002962371914
1.1676240853956186  0.010267945773684062
1.1676418815829173  0.007711396352594324
1.1776255426575188  0.011976379754364608
1.177646304876034  0.008993738763093173
1.1876269999194191  0.013684813735044932
1.1876447961067176  0.011128264313955194
1.1934443758119675  0.017095919121471015
1.1983917158810213  0.0256197843750805
1.1975869327442887  0.021358529698268125
1.1951429230219264  0.0128356813696473
1.2033153277003437  0.037552382190142675
1.2025105445636108  0.03329112751333052
1.2025342728133426  0.02988239495187739
1.200119923403145  0.01709863092144026
1.2074044960707684  0.049484641030208776
1.2074282243205001  0.046075908468755866
1.2074519525702319  0.04266717590730296
1.2050672634721988  0.025622496175049747
1.2050909917219306  0.022213763613596837
1.2131506872141222  0.06312194410099381
1.2123459040773894  0.058860689424181434
1.2123696323271211  0.055451956862728524
1.2123933605768529  0.052043224301275615
1.2099790111666553  0.03925946027083871
1.2100027394163868  0.03585072770938558
1.2100205356036855  0.03329417828829606
1.2180505707837126  0.078463274477509
1.2172457876469802  0.07420201980069663
1.2172695158967117  0.07079328723924372
1.2172932441464432  0.06738455467779081
1.214926351235709  0.04778332552444775
1.2149500794854406  0.04437459296299484
1.222116010904406  0.09380426587902801
1.2221397391541375  0.0903955333175751
1.2221634674038693  0.0869868007561222
1.2221871956536008  0.08357806819466929
1.2198262348052995  0.06312465590096306
1.2198499630550312  0.059715923339510146
1.21986775924233  0.05715937391842041
1.2278384737980277  0.11085030151126596
1.2270336906612953  0.10658904683445358
1.2270574189110268  0.10318031427300067
1.2270811471607586  0.09977158171154765
1.22710487541049  0.09636284915009474
1.2247142542500242  0.0801703525582047
1.224737982499756  0.0767616199967518
1.2247617107494875  0.07335288743529889
1.2247795069367862  0.07079633801420915
1.2327146291178868  0.12960036444923406
1.231909845981154  0.1253391097724217
1.2319335742308857  0.12193037721096878
1.2319573024806174  0.11852164464951587
1.2319810307303491  0.11511291208806285
1.2296378660693463  0.0921029503732671
1.229661594319078  0.08869421781181419
1.229679390506377  0.08613766839072445
1.2375907844377454  0.14835042738720217
1.236786001301013  0.1440891727103899
1.2368097295507448  0.14068044014893688
1.2368334578004763  0.13727170758748397
1.2368571860502078  0.13386297502603106
1.2345140213892052  0.11085301331123532
1.2345377496389367  0.1074442807497823
1.2345614778886684  0.10403554818832939
1.2424669397576042  0.16710049032517038
1.2416621566208716  0.162839235648358
1.2416858848706034  0.1594305030869051
1.2417096131203351  0.15602177052545219
1.2417333413700669  0.15261303796399917
1.239390176709064  0.12960307624920342
1.2394139049587958  0.1261943436877505
1.2394376332085275  0.12278561112629749
1.239455429395826  0.12022906170520786
1.246508651628566  0.1858502142881423
1.2465323798782977  0.1824414817266894
1.2465561081280292  0.17903274916523648
1.246579836377761  0.17562401660378346
1.2466035646274927  0.17221528404233055
1.244266332028923  0.14835313918717152
1.2442900602786544  0.1449444066257186
1.2443137885283861  0.1415356740642657
1.244331584715685  0.13897912464317597
1.251372942823559  0.20630464350683697
1.2513966710732907  0.20289591094538406
1.2514203993230222  0.19948717838393104
1.251444127572754  0.19607844582247813
1.2514678558224857  0.19266971326102522
1.2514915840722174  0.1892609806995723
1.2491306232239159  0.1688075684058662
1.2491543514736476  0.16539883584441328
1.2491780797233791  0.16199010328296026
1.2492018079731109  0.15858137072150735
1.2562372340185521  0.22675907272553164
1.2562609622682837  0.22335034016407873
1.2562846905180154  0.21994160760262582
1.256308418767747  0.2165328750411729
1.2563321470174786  0.2131241424797199
1.2563558752672104  0.20971540991826698
1.2540186426686404  0.18585326506310784
1.2540423709183721  0.18244453250165493
1.2540660991681039  0.17903579994020202
1.2540838953554028  0.17647925051911229
1.2611015252135451  0.2472135019442263
1.2611252534632769  0.2438047693827734
1.2611489817130084  0.24039603682132038
1.2611727099627401  0.23698730425986747
1.2611964382124716  0.23357857169841456
1.2612201664622034  0.23016983913696165
1.2588829338636334  0.2063076942818025
1.258906662113365  0.2028989617203496
1.2589303903630968  0.19949022915889658
1.2589481865503958  0.19693367973780695
1.266800259857435  0.26766827013791705
1.2659954767207027  0.2634070154611048
1.2660192049704342  0.25999828289965177
1.266042933220166  0.25658955033819886
1.2660666614698974  0.25318081777674595
1.2660903897196292  0.24977208521529304
1.2637472250586266  0.22676212350049707
1.263770953308358  0.22335339093904416
1.2637946815580898  0.21994465837759125
1.2638124777453887  0.2173881089565015
1.270818243478665  0.289826726662342
1.2708419717283967  0.2864179941008891
1.2708656999781285  0.2830092615394362
1.2708894282278602  0.27960052897798315
1.270913156477592  0.27619179641653024
1.2709368847273235  0.27278306385507733
1.2686233803784854  0.24551218643846529
1.2686471086282172  0.24210345387701238
1.268670836877949  0.23869472131555936
1.2756825346736582  0.31028115588103666
1.2757062629233897  0.30687242331958364
1.2757299911731215  0.30346369075813073
1.2757537194228532  0.3000549581966778
1.275777447672585  0.2966462256352249
1.2758011759223167  0.2932374930737719
1.2734639433237467  0.26937534821861286
1.2734876715734784  0.26596661565715984
1.2735113998232102  0.26255788309570693
1.2735351280729417  0.259149150534254
1.2813812693175484  0.3307359240747274
1.2805764861808158  0.32647466939791503
1.2806002144305475  0.3230659368364621
1.280623942680279  0.3196572042750092
1.2806476709300108  0.3162484717135563
1.2806713991797425  0.3128397391521033
1.2783282345187397  0.2898297774373074
1.2783519627684714  0.2864210448758545
1.2783756910182031  0.2830123123144016
1.2783994192679349  0.2796035797529486
1.28542298118851  0.34948564803769944
1.2854467094382418  0.3460769154762464
1.2854704376879733  0.3426681829147935
1.2854941659377048  0.3392594503533406
1.2855178941874366  0.3358507177918877
1.2832043898385985  0.30857984037527575
1.2832281180883303  0.30517110781382273
1.2832518463380618  0.3017623752523698
1.2832696425253607  0.2992058258312801
1.2911217158324002  0.3699404162313902
1.2903169326956676  0.3656791615545778
1.2903406609453993  0.3622704289931249
1.290364389195131  0.358861696431672
1.2903881174448626  0.3554529638702191
1.2904118456945943  0.35204423130876605
1.28804495278386  0.3324430021554232
1.2880686810335917  0.3290342695939703
1.2880924092833232  0.3256255370325174
1.288116137533055  0.3222168044710645
1.2881339337203537  0.31966025504997475
1.295163427703362  0.3886901401943622
1.2951871559530934  0.3852814076329092
1.2952108842028252  0.3818726750714563
1.2952346124525569  0.37846394251000337
1.2952583407022886  0.37505520994855046
1.2929448363534504  0.3477843325319385
1.292968564603182  0.3443755999704855
1.2929922928529138  0.3409668674090326
1.300862162347252  0.40914490838805295
1.3000573792105194  0.4048836537112406
1.3000811074602512  0.40147492114978767
1.3001048357099827  0.39806618858833476
1.3001285639597144  0.39465745602688185
1.3001522922094462  0.3912487234654288
1.2977853992987116  0.371647494312086
1.2978091275484434  0.3682387617506331
1.297832855798175  0.36483002918918017
1.2978565840479068  0.36142129662772726
1.3049038742182137  0.427894632351025
1.3049276024679455  0.42448589978957196
1.304951330717677  0.42107716722811905
1.3049750589674085  0.41766843466666614
1.3049987872171402  0.41425970210521323
1.3026852828683022  0.3869888246886012
1.302709011118034  0.3835800921271483
1.3027327393677655  0.38017135956569537
1.3097681654132067  0.44834906156971965
1.3097918936629385  0.44494032900826674
1.30981562191267  0.44153159644681383
1.3098393501624017  0.4381228638853608
1.3098630784121332  0.4347141313239079
1.309886806661865  0.431305398762455
1.3075258458135637  0.41085198646874876
1.3075495740632954  0.40744325390729585
1.307573302313027  0.40403452134584295
1.3075970305627587  0.4006257887843899
1.3146324566081997  0.4688034907884143
1.3146561848579315  0.4653947582269613
1.3146799131076632  0.4619860256655084
1.3147036413573947  0.4585772931040555
1.3147273696071264  0.4551685605426026
1.314751097856858  0.45175982798114955
1.3124138652582884  0.4278976831259905
1.3124375935080201  0.4244889505645375
1.3124613217577517  0.4210802180030846
1.3124791179450503  0.41852366858199486
1.3194967478031927  0.4892579200071089
1.3195204760529244  0.485849187445656
1.3195442043026562  0.48244045488420306
1.319567932552388  0.47903172232275004
1.3195916608021194  0.47562298976129713
1.319615389051851  0.4722142571998442
1.3172781564532814  0.4483521123446851
1.317301884703013  0.4449433797832322
1.3173256129527444  0.44153464722177926
1.3173434091400433  0.4389780978006895
1.3243610389981857  0.5097123492258036
1.3243847672479174  0.5063036166643505
1.3244084954976492  0.5028948841028976
1.3244322237473807  0.4994861515414447
1.3244559519971122  0.4960774189799918
1.324479680246844  0.4926686864185388
1.3221424476482744  0.46880654156337975
1.322166175898006  0.46539780900192673
1.3221899041477376  0.4619890764404738
1.3222077003350363  0.4594325270193841
1.3292253301931787  0.5301667784444981
1.3292490584429104  0.5267580458830452
1.3292727866926421  0.5233493133215923
1.3292965149423737  0.5199405807601394
1.3293202431921054  0.5165318481986864
1.329343971441837  0.5131231156372335
1.3270067388432674  0.4892609707820743
1.327030467092999  0.4858522382206214
1.3270541953427306  0.4824435056591685
1.3270719915300293  0.47988695623807875
1.3340896213881717  0.5506212076631928
1.3341133496379034  0.5472124751017399
1.3341370778876351  0.5438037425402868
1.3341608061373669  0.5403950099788339
1.3341845343870984  0.536986277417381
1.3342082626368301  0.5335775448559281
1.3318710300382604  0.5097154000007691
1.331894758287992  0.5063066674393161
1.3319184865377238  0.5028979348778632
1.3319362827250223  0.5003413854567735
1.3397883560320618  0.5710759758568835
1.3389835728953292  0.5668147211800711
1.339007301145061  0.5634059886186182
1.3390310293947927  0.5599972560571653
1.3390547576445244  0.5565885234957124
1.3390784858942562  0.5531797909342595
1.3367353212332533  0.5301698292194637
1.336759049482985  0.5267610966580107
1.3367827777327166  0.5233523640965578
1.3368005739200153  0.5207958146754681
1.343806339653292  0.5932344323813085
1.3438300679030237  0.5898256998198556
1.3438537961527552  0.5864169672584025
1.343877524402487  0.5830082346969496
1.3439012526522185  0.5795995021354967
1.3439249809019502  0.5761907695740438
1.341611476553112  0.5489198921574319
1.3416352048028437  0.5455111595959788
1.3416589330525754  0.5421024270345259
1.348670630848285  0.6136888616000031
1.3486943590980165  0.6102801290385502
1.3487180873477482  0.6068713964770973
1.3487418155974797  0.6034626639156444
1.3487655438472115  0.6000539313541914
1.3487892720969432  0.5966451987927385
1.3464520394983734  0.5727830539375793
1.3464757677481052  0.5693743213761264
1.3464994959978367  0.5659655888146735
1.3465232242475684  0.5625568562532206
1.354369365492175  0.634143629793694
1.3535645823554425  0.6298823751168816
1.3535883106051743  0.6264736425554287
1.3536120388549058  0.6230649099939758
1.3536357671046375  0.6196561774325228
1.353659495354369  0.6162474448710699
1.3513163306933667  0.593237483156274
1.3513400589430982  0.5898287505948211
1.3513637871928297  0.5864200180333681
1.3513875154425614  0.5830112854719152
1.358387349113405  0.6563020863181188
1.3584110773631366  0.6528933537566659
1.3584348056128683  0.649484621195213
1.3584585338626  0.6460758886337601
1.3584822621123318  0.6426671560723072
1.3585059903620635  0.6392584235108542
1.3561924860132253  0.6119875460942421
1.356216214262957  0.6085788135327892
1.3562399425126885  0.6051700809713363
1.363251640308398  0.6767565155368135
1.3632753685581298  0.6733477829753605
1.3632990968078613  0.6699390504139076
1.363322825057593  0.6665303178524546
1.3633465533073248  0.6631215852910017
1.3633702815570565  0.6597128527295488
1.3610330489584865  0.6358507078743898
1.3610567772082183  0.6324419753129368
1.36108050545795  0.6290332427514839
1.3611042337076817  0.6256245101900308
1.368115931503391  0.6972109447555082
1.3681396597531226  0.6938022121940551
1.3681633880028543  0.6903934796326022
1.368187116252586  0.6869847470711492
1.3682108445023178  0.6835760145096963
1.3682345727520495  0.6801672819482434
1.3658973401534795  0.6563051370930844
1.3659210684032113  0.6528964045316314
1.365944796652943  0.6494876719701785
1.3659685249026747  0.6460789394087255
1.372980222698384  0.7176653739742027
1.3730039509481158  0.7142566414127498
1.3730276791978473  0.7108479088512969
1.373051407447579  0.707439176289844
1.3730751356973108  0.7040304437283911
1.3730988639470425  0.700621711166938
1.3707616313484725  0.6767595663117789
1.3707853595982042  0.673350833750326
1.370809087847936  0.6699421011888731
1.370826884035235  0.6673855517677834
1.3778445138933773  0.7381198031928974
1.3778682421431088  0.7347110706314445
1.3778919703928403  0.7313023380699915
1.377915698642572  0.7278936055085385
1.3779394268923038  0.7244848729470856
1.3779631551420355  0.7210761403856327
1.3756259225434657  0.6972139955304737
1.3756496507931972  0.6938052629690207
1.375673379042929  0.6903965304075678
1.3756911752302279  0.687839980986478
1.3827088050883702  0.758574232411592
1.3827325333381018  0.7551654998501391
1.3827562615878335  0.7517567672886861
1.382779989837565  0.7483480347272332
1.3828037180872967  0.7449393021657802
1.3828274463370285  0.7415305696043273
1.3804902137384585  0.7176684247491683
1.3805139419881902  0.7142596921877153
1.380537670237922  0.7108509596262624
1.3805554664252209  0.7082944102051727
1.387573096283363  0.7790286616302866
1.3875968245330947  0.7756199290688337
1.3876205527828263  0.7722111965073808
1.387644281032558  0.7688024639459279
1.3876680092822897  0.7653937313844749
1.3876917375320215  0.761984998823022
1.3853545049334517  0.7381228539678628
1.3853782331831832  0.7347141214064099
1.385401961432915  0.731305388844957
1.3854197576202139  0.7287488394238673
1.3924373874783562  0.7994830908489812
1.3924611157280877  0.7960743582875283
1.3924848439778195  0.7926656257260754
1.392508572227551  0.7892568931646224
1.3925323004772827  0.7858481606031695
1.3925560287270144  0.7824394280417166
1.3902187961284447  0.7585772831865575
1.3902425243781762  0.7551685506251046
1.390266252627908  0.7517598180636516
1.3902840488152068  0.7492032686425619
1.3973016786733492  0.819937520067676
1.3973254069230807  0.8165287875062229
1.3973491351728125  0.81312005494477
1.397372863422544  0.8097113223833171
1.3973965916722757  0.8063025898218641
1.3974203199220074  0.8028938572604112
1.3950830873234377  0.7790317124052522
1.3951068155731694  0.7756229798437992
1.395130543822901  0.7722142472823462
1.3951483400101998  0.7696576978612566
1.4021659698683422  0.8403919492863705
1.402189698118074  0.8369832167249176
1.4022134263678054  0.8335744841634647
1.4022371546175372  0.8301657516020117
1.4022608828672687  0.8267570190405588
1.4022846111170004  0.8233482864791059
1.3999473785184307  0.7994861416239467
1.3999711067681622  0.7960774090624938
1.399994835017894  0.7926686765010409
1.4000126312051928  0.7901121270799512
1.4070302610633352  0.8608463785050652
1.407053989313067  0.8574376459436122
1.4070777175627986  0.8540289133821592
1.4071014458125302  0.8506201808207063
1.407125174062262  0.8472114482592534
1.4071489023119934  0.8438027156978005
1.4048116697134236  0.8199405708426414
1.4048353979631552  0.8165318382811885
1.4048591262128869  0.8131231057197356
1.4048769224001858  0.8105665562986458
1.4118945522583282  0.8813008077237597
1.41191828050806  0.8778920751623068
1.4119420087577914  0.8744833426008539
1.4119657370075231  0.8710746100394009
1.4119894652572547  0.867665877477948
1.4120131935069864  0.8642571449164951
1.4096759609084166  0.840395000061336
1.4096996891581484  0.8369862674998831
1.4097234174078799  0.8335775349384301
1.4097471456576116  0.8301688023769772
1.4175932869022183  0.9017555759174506
1.4167885037654857  0.8974943212406382
1.4168122320152174  0.8940855886791853
1.4168359602649492  0.8906768561177324
1.4168596885146807  0.8872681235562794
1.4168834167644124  0.8838593909948265
1.4145402521034098  0.8608494292800306
1.4145639803531413  0.8574406967185777
1.414587708602873  0.8540319641571248
1.4146055047901718  0.851475414736035
1.42163499877318  0.9205052998804226
1.4216587270229115  0.9170965673189696
1.4216824552726433  0.9136878347575167
1.421706183522375  0.9102791021960638
1.4217299117721067  0.9068703696346108
1.4194164074232685  0.8795994922179988
1.4194401356730002  0.8761907596565459
1.419463863922732  0.872782027095093
1.4273574616668019  0.9375513355126605
1.4265526785300693  0.9332900808358481
1.4265764067798008  0.9298813482743952
1.4266001350295325  0.9264726157129421
1.4266238632792643  0.9230638831514892
1.4242569703685297  0.9034626539981464
1.4242806986182615  0.9000539214366934
1.4243044268679932  0.8966451888752405
1.424328155117725  0.8932364563137876
1.4322573452363923  0.9528926658891756
1.4314525620996597  0.9486314112123633
1.4314762903493914  0.9452226786509104
1.431500018599123  0.9418139460894575
1.4291568539381203  0.9188039843746616
1.429180582187852  0.9153952518132087
1.4292043104375836  0.9119865192517558
1.4363465136068174  0.9648249247292418
1.436370241856549  0.9614161921677888
1.4363939701062807  0.9580074596063359
1.4340330092579792  0.9375540473126298
1.434056737507711  0.9341453147511768
1.4340804657574426  0.9307365821897239
1.4421164329999026  0.9750534952385738
1.44131164986317  0.9707922405617614
1.4413353781129015  0.9673835080003085
1.4389210287027039  0.9545997439698715
1.4389447569524356  0.9511910114084186
1.4389684852021671  0.9477822788469655
1.4389862813894658  0.9452257294258759
1.4470875013186881  0.9801686279307301
1.4438683687717577  0.9631236092234808
1.4438861649590564  0.9605670598023911
1.4512241261885763  0.9852834216478904
1.4487919805910798  0.9750562070385431
1.4488157088408116  0.9716474744770901
1.4562070586322278  0.9886941880593203
1.4562515491004746  0.9823028145065961
1.4537749130347313  0.978466973449973
1.4611899910758792  0.9921049544707503
1.458734117228651  0.9852864724228559
1.4670073669684276  0.9955160598571764
1.4637170496723022  0.9886972388342858
1.4687059141783867  0.9912558221053526
1.476150652531699  1.0006328874243136
1.4761714147502143  0.9976502464330423
1.473688846622038  0.9946665885167825
1.4861521097935992  1.002341321404994
1.4861699059808982  0.9997847719839044
1.4961713632427984  1.001493205964585
1.4961950914925302  0.9980844734031319
1.5020619012386862  0.9943940526198645
1.5036991504701716  0.9989397073184607
1.5112388018224108  0.99468184239161
1.5112625300721425  0.991273109830157
1.508771063850317  0.989567726624442
1.51629885107769  0.9870142279783178
1.51877845317465  0.9904239774647593
1.521329240020805  0.9836075292668419
1.5238088421177647  0.9870172787532834
1.5263596289639196  0.980200830555366
1.5288392310608794  0.9836105800418075
1.5313900179070343  0.9767941318438901
1.5314107801255494  0.9738114908526188
1.5338696200039943  0.9802038813303315
1.5364411690686643  0.9704047921411428
1.538900008947109  0.9767971826188555
1.541432999605965  0.9725372838420279
1.541465625949346  0.9678502765700301
1.5464930488612443  0.9648696694287358
1.5465138110797594  0.9618870284374644
1.5489726509582042  0.9682794189151772
1.5515442000228743  0.9584803297259885
1.554003039901319  0.9648727202037013
1.556536030560175  0.9606128214268737
1.5574119984461026  0.9546478784193271
1.5616168420339696  0.9499625660223102
1.5640756819124142  0.9563549565000229
1.5666086725712702  0.9520950577231952
1.5674846404571978  0.9461301147156488
1.5725268935251784  0.9410190497234464
1.5741601880483753  0.9461328265156181
1.5767317371130454  0.9363337373264294
1.57919057699149  0.9427261278041422
1.581723567650346  0.9384662290273145
1.5825995355362736  0.932501286019768
1.587641788604254  0.9273902210275656
1.5892750831274511  0.9325039978197374
1.5918466321921212  0.9227049086305487
1.5943054720705658  0.9290972991082614
1.5968384627294219  0.9248374003314338
1.5977144306153495  0.9188724573238873
1.60275668368333  0.9137613923316849
1.604389978206527  0.9188751691238566
1.6077989367513106  0.9086503273394825
1.6094322312745073  0.9137641041316542
1.612841189819291  0.90353926234728
1.614474484342488  0.9086530391394518
1.6178834428872717  0.8984281973550776
1.6145634652789818  0.8958702920340033
1.6195167374104684  0.9035419741472495
1.6229256959552523  0.8933171323628752
1.6196057183469623  0.8907592270418009
1.624558990478449  0.898430909155047
1.6279679490232326  0.8882060673706729
1.6246479714149427  0.8856481620495985
1.6296012435464298  0.8933198441628446
1.6321757586423162  0.8830946634034743
1.6321994868920477  0.8796859308420213
1.634655360739276  0.8865044128899158
1.6380643192840596  0.8762795711055416
1.6347443416757697  0.8737216657844672
1.6396976138072568  0.8813933478977133
1.6431065723520404  0.8711685061133392
1.6423017892153078  0.8669072514365268
1.644739866875237  0.8762822829055109
1.6473381102208553  0.8626483695846876
1.6497939840680835  0.8694668516325821
1.6523269747269398  0.8652069528557543
1.6532029426128672  0.8592420098482079
1.6498829650045772  0.8566841045271335
1.6582451956808477  0.8541309448560055
1.6574404125441151  0.8498696901791931
1.6598784902040447  0.8592447216481772
1.6624767335496629  0.8456108083273539
1.6649326073968909  0.8524292903752484
1.6674655980557471  0.8481693915984206
1.6683415659416747  0.8422044485908742
1.6650215883333848  0.8396465432697998
1.6733838190096553  0.8370933835986718
1.6700638414013653  0.8345354782775973
1.675017113532852  0.8422071603908435
1.6775916286287387  0.8319819796314731
1.6776123908472538  0.8289993386402019
1.6800712307256986  0.8353917291179146
1.6834801892704823  0.8251668873335405
1.685113483793679  0.8302806641257122
1.6885224423384628  0.8200558223413381
1.6901557368616595  0.8251695991335098
1.6927302519575462  0.8149444183741394
1.6951861258047745  0.8217629004220339
1.6977191164636305  0.8175030016452062
1.698595084349558  0.8115380586376597
1.7036373374175384  0.8064269936454573
1.7052706319407356  0.8115407704376291
1.7078421810054056  0.8017416812484404
1.7103010208838503  0.8081340717261531
1.7128340115427063  0.8038741729493255
1.713709979428634  0.7979092299417789
1.7179148230165007  0.793223917544762
1.7203736628949455  0.7996163080224747
1.7229066535538016  0.7953564092456471
1.7237826214397292  0.7893914662381006
1.727987465027596  0.7847061538410838
1.7304463049060406  0.7910985443187964
1.7329792955648968  0.7868386455419687
1.733011921908278  0.7821516382699709
1.738039344820176  0.7791710311286766
1.7405189469171358  0.7825807806151182
1.7430697337632908  0.7757643324172008
1.7430904959818059  0.7727816914259293
1.7455493358602507  0.7791740819036421
1.7481208849249208  0.7693749927144535
1.7505797248033654  0.7757673831921663
1.7531067833997886  0.7723596675557018
1.7531512738680355  0.7659682940029775
1.7581431044053364  0.7681007857038626
1.7581757307487174  0.7634137784318649
1.7632031536606156  0.7604331712905705
1.7656827557575754  0.7638429207770119
1.7682335426037301  0.7570264725790945
1.7707131447006903  0.760436222065536
1.773263931546845  0.7536197738676186
1.7757435336438048  0.75702952335406
1.7782943204899597  0.7502130751561427
1.7807739225869195  0.7536228246425841
1.7833247094330742  0.7468063764446667
1.7883135739391587  0.7493649597157335
1.7891895418250863  0.743400016708187
1.7958532252913977  0.7451070947888827
1.7983802838878211  0.7416993791524183
1.7984040121375529  0.7382906465909653
1.8034344010806673  0.7348839478794895
1.8059140031776273  0.7382936973659309
1.8084618239925656  0.7319033407381952
1.8134536545298665  0.7340358324390802
1.8134862808732475  0.7293488251670824
1.8185137037851458  0.7263682180257881
1.8209933058821055  0.7297779675122296
1.823541126697044  0.7233876108844938
1.8285329572343447  0.7255201025853789
1.8294049704119837  0.7201232816714079
1.8385818709957085  0.7204110714431535
1.83860559924544  0.7170023388817006
1.843638954219771  0.713169548600043
1.8486307847570718  0.715302040300928
1.8545015492115167  0.7110434974240851
1.8536908340123512  0.7076344258876359
1.8636982233366846  0.7084906767279533
1.8637219515864163  0.7050819441665003
1.8737352729731822  0.7050860118664543
1.8737590012229137  0.7016772793050013
1.8737767974102126  0.6991207298839116
1.8837841867345457  0.6999769807242289
1.8838079149842775  0.696568248162776
1.8938212363710436  0.6965723158627299
1.8938449646207753  0.693163583301277
1.8997117743669316  0.6894731625180095
1.9013490235984167  0.6940188172166057
1.908888674950656  0.689760952289755
1.9089124032003877  0.6863522197283021
1.9189257245871538  0.686356287428256
1.9189494528368856  0.6829475548668031
1.9289627742236517  0.6829516225667571
1.9289865024733832  0.6795428900053042
1.9389998238601491  0.6795469577052582
1.9390235521098809  0.6761382251438053
1.949036873496647  0.6761422928437593
1.9490606017463787  0.6727335602823064
1.9590739231331449  0.6727376279822603
1.9590976513828766  0.6693288954208074
1.9691109727696428  0.6693329631207614
1.9691317349881579  0.6663503221294902
1.9791420903437074  0.6667804813996256
1.9791628525622225  0.6637978404083544
1.9891732079177722  0.66422799967849
1.9891910041050709  0.6616714502574003
1.9991983934294042  0.6625277010977175
1.9992191556479193  0.6595450601064463
2.0092295110034692  0.6599752193765818
2.009247307190768  0.6574186699554921
2.019254696515101  0.6582749207958094
2.0192724927023997  0.6557183713747197
2.0292739499643  0.6574268053554002
2.029291746151599  0.6548702559343105
2.039293203413499  0.6565786899149909
2.0393109996007976  0.6540221404939012
2.0493183889251307  0.6548783913342184
2.0543428458058126  0.6523238757631058
2.059331710311897  0.6548824590341724
2.0643532011613623  0.6527540350332414
2.074363556516912  0.6531841943033769
2.079388013397594  0.6506296787322643
2.084376877903678  0.6531882620033309
2.0893983687531437  0.6510598380023999
2.0994087241086934  0.6514899972725355
2.099426520295992  0.6489334478514459
2.1094220454954593  0.6514940649724895
2.1094398416827578  0.6489375155513999
2.119447231007091  0.649793766391717
2.1244716878877727  0.6472392508206043
2.129460552393857  0.649797834091671
2.134485009274539  0.6472433185205584
2.139479805843056  0.6489497186512618
2.149499059292255  0.6481016032108525
2.154523516172937  0.6455470876397399
2.159512380679021  0.6481056709108066
2.1645368375597034  0.6455511553396939
2.169525702065787  0.6481097386107606
2.1745471929152522  0.6459813146098294
2.184557548270802  0.6464114738799651
2.1945708696575683  0.6464155415799191
2.194588665844867  0.6438589921588294
2.2045841910443347  0.6464196092798731
2.204601987231633  0.6438630598587833
2.2145975124311006  0.646423676979827
2.214615308618399  0.6438671275587374
2.2246108338178665  0.646427744679781
2.2246286300051654  0.6438711952586914
2.2346241552046324  0.6464318123797351
2.2346419513919313  0.6438752629586455
2.244637476591399  0.6464358800796891
2.2446552727786973  0.6438793306585995
2.2546507979781647  0.6464399477796431
2.254668594165463  0.6438833983585535
2.264670051427364  0.6455918323392339
2.262178585205538  0.643886449133519
2.2746893048765626  0.6447437168988246
2.284690762138463  0.6464521508795051
2.284708558325762  0.6438956014584154
2.2947040835252293  0.6464562185794591
2.2922185493658365  0.6438986522333809
2.304705540787129  0.6481646525601396
2.304723336974428  0.6456081031390499
2.3147069980490294  0.6498730865408201
2.3147247942363283  0.6473165371197304
2.32470845531093  0.6515815205215005
2.3247262514982285  0.6490249711004108
2.3347099125728303  0.653289954502181
2.3347306747913454  0.6503073135109096
2.34471136983473  0.6549983884828614
2.3447321320532453  0.6520157474915902
2.3547128270966304  0.656706822463542
2.3547335893151455  0.6537241814722706
2.3647142843585307  0.6584152564442224
2.3647350465770463  0.6554326154529511
2.374715741620431  0.6601236904249028
2.3747365038389465  0.6571410494336316
2.3847171988823312  0.6618321244055834
2.3847379611008463  0.6588494834143119
2.3947186561442315  0.6635405583862639
2.3947394183627466  0.6605579173949925
2.404720113406132  0.6652489923669442
2.404740875624647  0.662266351375673
2.4155659008876507  0.6655374600886822
2.4122479006335054  0.66269549372082
2.425567358149551  0.6672458940693626
2.4222493578954056  0.6644039277015006
2.435568815411451  0.6689543280500432
2.432250815157306  0.666112361682181
2.4455702726733515  0.6706627620307235
2.442252272419206  0.6678207956628615
2.455573707289396  0.6720871349646163
2.4522537296811064  0.669529229643542
2.4655751645512964  0.6737955689452968
2.4622551869430067  0.6712376636242224
2.4755766218131967  0.6755040029259773
2.472256644204907  0.6729460976049029
2.485578079075097  0.6772124369066578
2.4822581014668073  0.6746545315855834
2.4955795363369973  0.6789208708873382
2.4922595587287075  0.6763629655662639
2.505579016244753  0.6809133659148063
2.5022610159906074  0.6780713995469443
2.5155804735066534  0.6826217998954869
2.5122624732525076  0.6797798335276248
2.524737600548935  0.6857502001351099
2.52475836276745  0.6827675591438386
2.5347390578108353  0.6874586341157904
2.5347568539981338  0.6849020846947007
2.5455749585216325  0.6891674070714671
2.542254980913343  0.6866095017503926
2.5555744384293884  0.6911599020989352
2.552256438175243  0.6883179357310731
2.56473156547167  0.6942883023385582
2.564752327690185  0.691305661347287
2.5755674661824677  0.6959970752942349
2.5722474885741775  0.6934391699731606
2.5855669460902235  0.6979895703217032
2.582248945836078  0.6951476039538409
2.595558516581402  0.7011183095363223
2.5922444710355452  0.6977082210748847
2.605557996489158  0.7031108045637905
2.6022399962350127  0.7002688381959283
2.615549566980337  0.7062395437784097
2.6122355214344797  0.7028294553169722
2.625549046888093  0.7082320388058779
2.622231046633947  0.7053900724380158
2.635540617379272  0.7113607780204971
2.6322265718334146  0.7079506895590595
2.6446957670674087  0.714773239306908
2.644716529285924  0.7117905983156365
2.655531667778206  0.7164820122625846
2.652211690169916  0.7139241069415101
2.665521260915241  0.7198948125239915
2.662207215369383  0.7164847240625538
2.6755207408229964  0.7218873075514597
2.672202740568851  0.7190453411835975
2.685512311314175  0.7250160467660789
2.6821923337058853  0.7224581414450045
2.6946674610023122  0.7284285080524897
2.694688223220828  0.7254458670612184
2.7055013843589655  0.7304213420549541
2.70218338410482  0.7275793756870919
2.7154929548501445  0.7335500812695732
2.712178909304287  0.7301399928081356
2.7254924347579004  0.7355425762970413
2.7221744345037546  0.7327006099291793
2.735484005249079  0.7386713155116607
2.7321640276407893  0.7361134101905863
2.7454735983861136  0.7420841157730675
2.7421595528402563  0.7386740273116299
2.7554730782938694  0.7440766108005359
2.7521550780397237  0.7412346444326736
2.765464648785048  0.747205350015155
2.762150603239191  0.7437952615537173
2.7754641286928043  0.7491978450426231
2.7721461284386586  0.746355878674761
2.7854556991839825  0.7523265842572424
2.7821357215756928  0.749768678936168
2.795455179091739  0.7543190792847105
2.792137178837593  0.7514771129168485
2.8054467495829174  0.7574478184993299
2.8021327040370605  0.7540377300378922
2.8154462294906732  0.759440313526798
2.8121282292365275  0.7565983471589359
2.824603356532955  0.762568713766421
2.82462411875147  0.7595860727751498
2.8346048137948547  0.7642771477471015
2.8346226099821537  0.7617205983260118
2.845440714505653  0.7659859207027782
2.8421207368973627  0.7634280153817038
2.8554401944134087  0.7679784157302463
2.852122194159263  0.7651364493623842
2.8645973214556903  0.7711068159698694
2.8646180836742055  0.7681241749785981
2.87459877871759  0.7728152499505498
2.874616574904889  0.7702587005294601
2.8846002359794904  0.7745236839312304
2.8846180321667894  0.7719671345101407
2.8954361366902877  0.776232456886907
2.892116159081998  0.7736745515658325
2.9054375939521884  0.7779408908675874
2.9021176163438986  0.7753829855465131
2.9154390512140886  0.7796493248482679
2.9121190736057985  0.7770914195271936
2.9246060650270915  0.7813574198539521
2.9246238612143904  0.7788008704328625
2.934607522288992  0.7830658538346327
2.9346253184762903  0.7805093044135429
2.944608979550892  0.7847742878153132
2.944626775738191  0.7822177383942235
2.9546104368127923  0.7864827217959935
2.954628233000091  0.7839261723749039
2.964611894074692  0.7881911557766741
2.9646326562932077  0.7852085147854029
2.975457681556212  0.7884796234984119
2.9721396813020657  0.7856376571305499
2.9854591388181118  0.7901880574790925
2.9821411385639665  0.7873460911112303
2.9946162658603934  0.7933164577187155
2.9946370280789085  0.7903338167274442
3.0046177231222937  0.795024891699396
3.004638485340809  0.7920422507081246
3.015453623833091  0.7967336646550727
3.012133646224801  0.7941757593339982
3.0254531037408467  0.7987261596825408
3.022135103486701  0.7958841933146787
3.0346102307831284  0.8018545599221638
3.0346309930016435  0.7988719189308926
3.045446131493926  0.8035633328778404
3.042126153885636  0.8010054275567662
3.055445611401682  0.8055558279053087
3.052127611147536  0.8027138615374466
3.064602738443963  0.8086842281449318
3.0646235006624787  0.8057015871536605
3.074604195705864  0.8103926621256122
3.0746219918931623  0.8078361127045225
3.0854400964166606  0.8121014350812888
3.082120118808371  0.8095435297602145
3.0954395763244165  0.8140939301087571
3.0921215760702716  0.8112519637408949
3.105441033586317  0.8158023640894375
3.1021230333321714  0.8129603977215755
3.115442490848217  0.817510798070118
3.112124490594072  0.8146688317022559
3.1254439481101177  0.8192192320507985
3.122125947855972  0.8163772656829363
3.134612939277265  0.8206432660096951
3.134630735464564  0.8180867165886053
3.1446143965391653  0.8223516999903755
3.1446321927264638  0.8197951505692858
3.1546158538010656  0.824060133971056
3.1546336499883645  0.8215035845499663
3.164617311062966  0.8257685679517364
3.1646351072502648  0.8232120185306467
3.174618768324866  0.8274770019324169
3.174639530543381  0.8244943609411456
3.1846202255867664  0.8291854359130973
3.1846409878052815  0.826202794921826
3.1946216828486667  0.8308938698937778
3.1946424450671818  0.8279112289025066
3.204623140110567  0.8326023038744583
3.204640936297866  0.8300457544533686
3.215459040821364  0.834311076830135
3.212139063213074  0.8317531715090606
3.22545852072912  0.8363035718576032
3.2221405204749747  0.833461605489741
3.234615647771402  0.8394319720972262
3.234636409989917  0.8364493311059549
3.245451548482199  0.8411407450529028
3.2421315708739096  0.8385828397318285
3.255451028389955  0.843133240080371
3.2521330281358094  0.840291273712509
3.264608155432237  0.8462616403199941
3.264628917650752  0.8432789993287227
3.2754440561430336  0.8479704132756707
3.2721240785347443  0.8454125079545963
3.28544353605079  0.8499629083031389
3.2821255357966446  0.8471209419352768
3.29544499331269  0.8516713422838194
3.2921269930585444  0.8488293759159573
3.3054464505745904  0.8533797762644999
3.302128450320445  0.8505378098966377
3.3154479078364907  0.8550882102451803
3.312129907582345  0.8522462438773182
3.325449365098391  0.8567966442258608
3.3221313648442456  0.8539546778579987
3.3354508223602912  0.8585050782065413
3.3321328221061455  0.8556631118386792
3.3446198135274385  0.8599291121654379
3.3446376097147374  0.8573725627443481
3.354621270789339  0.8616375461461183
3.3546390669766377  0.8590809967250286
3.3646227280512395  0.8633459801267988
3.364640524238538  0.8607894307057091
3.3746241853131393  0.8650544141074792
3.3746419815004383  0.8624978646863896
3.3846256425750396  0.8667628480881597
3.384643438762338  0.86420629866707
3.39462709983694  0.8684712820688402
3.394644896024239  0.8659147326477505
3.405463000547737  0.8701800550245168
3.4021430229394474  0.8676221497034424
3.4154624804554934  0.872172550051985
3.4121444802013476  0.869330583684123
3.425463937717393  0.8738809840326656
3.422145937463248  0.8710390176648034
3.434621064759675  0.8770093842722886
3.43464182697819  0.8740267432810171
3.4454569654704725  0.8787181572279652
3.4421369878621824  0.8761602519068908
3.455456445378228  0.8807106522554333
3.452138445124083  0.8778686858875713
3.46461357242051  0.8838390524950565
3.4646343346390256  0.8808564115037851
3.4754494731313073  0.8855478254507331
3.4721294955230175  0.8829899201296587
3.485448953039063  0.8875403204782013
3.482130952784918  0.8846983541103391
3.4954504103009634  0.8892487544588817
3.492132410046818  0.8864067880910196
3.504607537343245  0.8923771546985048
3.50462829956176  0.8893945137072334
3.5154434380540427  0.8940859276541814
3.5121234604457525  0.891528022333107
3.5254429179617985  0.8960784226816496
3.522124917707653  0.8932364563137876
3.53460004500408  0.8992068229212726
3.5346208072225953  0.8962241819300013
3.5454359457148774  0.9009155958769492
3.5421159681065877  0.8983576905558749
3.5554354256226333  0.9029080909044175
3.5521174253684875  0.9000661245365553
3.564592552664915  0.9060364911440405
3.56461331488343  0.9030538501527692
3.574594009926815  0.9077449251247209
3.574611806114114  0.9051883757036313
3.5854299106376124  0.9094536980803977
3.582109933029323  0.9068957927593233
3.595431367899513  0.9111621320610781
3.592111390291223  0.9086042267400037
3.6054308478072685  0.9131546270885463
3.602112847553123  0.9103126607206842
3.615432305069169  0.9148630610692268
3.6121143048150235  0.9120210947013647
3.6254357396852135  0.9162874340031195
3.6221157620769238  0.9137295286820452
3.634602753498217  0.9179955290088038
3.6346205496855153  0.915438979587714
3.6446042107601166  0.9197039629894843
3.6446220069474156  0.9171474135683946
3.6546056680220174  0.9214123969701647
3.6546234642093163  0.918855847549075
3.664607125283917  0.9231208309508452
3.664624921471216  0.9205642815297554
3.674608582545818  0.9248292649315257
3.674629344764333  0.9218466239402543
3.684610039807718  0.9265376989122062
3.6846308020262333  0.9235550579209348
3.694611497069618  0.9282461328928866
3.694632259288133  0.9252634919016153
3.7046129543315187  0.9299545668735671
3.704630750518817  0.9273980174524774
3.7154488550423155  0.9316633398292438
3.712128877434026  0.9291054345081694
3.7254483349500718  0.933655834856712
3.7221303346959265  0.9308138684888498
3.7354399054412504  0.9367845740713312
3.7321258598953935  0.9333744856098936
3.7454393853490062  0.9387770690987993
3.742121385094861  0.9359351027309373
3.7545965123912883  0.9419054693384223
3.7546172746098034  0.938922828347151
3.764597969653188  0.9436139033191029
3.764615765840487  0.9410573538980131
3.775433870363986  0.9453226762747795
3.772113892755696  0.9427647709537051
3.7854333502717417  0.9473151713022477
3.782115350017596  0.9444732049343856
3.7954348075336415  0.9490236052829282
3.7921168072794966  0.946181638915066
3.8046037987007897  0.9504476392418247
3.804621594888088  0.947891089820735
3.8146052559626895  0.9521560732225052
3.8146230521499884  0.9495995238014155
3.82460671322459  0.9538645072031857
3.8246245094118883  0.951307957782096
3.834620034611356  0.9538685749031397
3.832134500451963  0.9513110085570615
3.844621491873256  0.9555770088838201
3.844639288060555  0.9530204594627305
3.854634813260022  0.9555810765837741
3.8521492791006295  0.9530235102376959
3.8646362705219226  0.9572895105644547
3.8646540667092215  0.9547329611433649
3.875482058003441  0.9575779782861925
3.872164057749296  0.9547360119183305
3.884651049170589  0.9590020122450891
3.8846688453578877  0.9564454628239993
3.8954968366521077  0.959290479966827
3.904665827819255  0.9607145139257236
3.9021802936598626  0.9581569475796453
3.9146672850811557  0.962422947906404
3.914685081268454  0.9598663984853143
3.925513072562674  0.9627114156281419
3.9355145298245744  0.9644198496088224
3.932196529570429  0.9615778832409603
3.944683520991722  0.965843883567719
3.9447013171790206  0.9632873341466293
3.954684978253622  0.9675523175483994
3.954702774440921  0.9649957681273097
3.9646982996403883  0.9675563852483534
3.9622127654809955  0.9649988189022752
3.9746997569022886  0.9692648192290338
3.9747175530895875  0.9667082698079442
3.9855455443838075  0.9695532869507718
3.982227544129662  0.9667113205829097
3.994714535550955  0.9709773209096684
3.9947323317382537  0.9684207714885786
4.004727856937721  0.9709813886096224
4.002242322778328  0.9684238222635442
4.014729314199622  0.9726898225903029
4.014747110386921  0.9701332731692132
4.024742635586387  0.9726938902902569
4.0222571014269946  0.9701363239441787
4.035588423067906  0.9729823580119947
4.044757414235054  0.9744063919708913
4.044775210422353  0.9718498425498017
4.05477073562182  0.9744104596708453
4.054788531809118  0.9718539102497556
4.064784057008586  0.9744145273707994
4.074785514270486  0.9761229613514798
4.074803310457785  0.9735664119303901
4.084798835657252  0.9761270290514338
4.084816631844551  0.973570479630344
4.094812157044018  0.9761310967513878
4.094829953231317  0.9735745473302981
4.104825478430785  0.9761351644513419
4.104843274618084  0.9735786150302521
4.11483879981755  0.9761392321512958
4.1248521212043165  0.9761432998512498
4.1348654425910825  0.9761473675512038
4.144878763977848  0.9761514352511578
4.154892085364615  0.9761555029511118
4.159916542245297  0.9736009873799991
4.16490540675138  0.9761595706510658
4.169929863632063  0.9736050550799531
4.174918728138147  0.9761636383510198
4.1799431850188284  0.9736091227799071
4.184932049524913  0.9761677060509738
4.189956506405595  0.9736131904798611
4.194945370911679  0.9761717737509278
4.199969827792361  0.973617258179815
4.204958692298446  0.9761758414508818
4.209983149179127  0.9736213258797691
4.214972013685211  0.9761799091508359
4.219996470565893  0.9736253935797231
4.2249853350719775  0.9761839768507898
4.230009791952659  0.9736294612796771
4.234998656458743  0.9761880445507438
4.240023113339426  0.9736335289796311
4.245011977845509  0.9761921122506978
4.250036434726192  0.9736375966795852
4.255025299232276  0.9761961799506518
4.2600497561129576  0.9736416643795391
4.265038620619041  0.9762002476506058
4.2700630774997235  0.9736457320794931
4.27505787406824  0.9753521322101966
4.2850771275174395  0.9745040167697874
4.295090448904206  0.9745080844697414
4.305103770290972  0.9745121521696953
4.30512156647827  0.9719556027486056
4.315117091677738  0.9745162198696493
4.315134887865037  0.9719596704485596
4.325130413064504  0.9745202875696033
4.325148209251802  0.9719637381485137
4.3351555985761365  0.9728199889888308
4.3451689199629016  0.9728240566887849
4.350193376843584  0.9702695411176722
4.355182241349668  0.9728281243887389
4.36020669823035  0.9702736088176261
4.3652014947988675  0.9719800089483297
4.375220748248066  0.9711318935079204
4.385234069634832  0.9711359612078744
4.385251865822131  0.9685794117867847
4.395247391021599  0.9711400289078284
4.3952651872088975  0.9685834794867387
4.40527257653323  0.9694397303270559
4.415285897919997  0.96944379802701
4.415303694107296  0.9668872486059202
4.425299219306762  0.969447865726964
4.425317015494061  0.9668913163058742
4.435324404818394  0.9677475671461915
4.44533772620516  0.9677516348461455
4.445355522392459  0.9651950854250557
4.455351047591926  0.9677557025460994
4.455368843779225  0.9651991531250098
4.465376233103559  0.966055403965327
4.475389554490325  0.966059471665281
4.475407350677623  0.9635029222441913
4.4854028758770905  0.966063539365235
4.485420672064389  0.9635069899441453
4.49542212932629  0.9652154239248257
4.492930663104463  0.9635100407191108
4.505441382775489  0.9643673084844165
4.515454704162255  0.9643713761843705
4.520479161042936  0.9618168606132579
4.525468025549022  0.9643754438843245
4.530492482429702  0.9618209283132119
4.5354813469357875  0.9643795115842786
4.540505803816468  0.9618249960131658
4.5454946683225534  0.9643835792842326
4.550519125203235  0.9618290637131198
4.555513921771752  0.9635354638438233
4.565533175220951  0.9626873484034141
4.575546496607718  0.9626914161033681
4.585559817994484  0.962695483803322
4.59557313938125  0.9626995515032761
4.6055864607680155  0.9627036192032301
4.615599782154781  0.9627076869031841
4.625613103541547  0.9627117546031381
4.635626424928314  0.962715822303092
4.64563974631508  0.962719890003046
4.655653067701846  0.9627239577030001
4.665654524963746  0.9644323916836806
4.665672321151044  0.9618758422625908
4.675667846350512  0.9644364593836345
4.67568564253781  0.9618799099625448
4.685681167737279  0.9644405270835885
4.683195633577885  0.9618829607375103
4.695682624999178  0.9661489610642691
4.695700421186477  0.9635924116431793
4.706528412480698  0.9664374287860069
4.703210412226552  0.9635954624181449
4.715685539522979  0.9695658290256299
4.715706301741494  0.9665831880343586
4.725686996784879  0.9712742630063105
4.725704792972178  0.9687177135852207
4.736522897495677  0.9729830359619871
4.733202919887386  0.9704251306409127
4.745678047183814  0.9763954972483978
4.745698809402329  0.9734128562571265
4.755679504445714  0.9781039312290783
4.755700266664229  0.975121290237807
4.765680961707615  0.9798123652097588
4.765698757894913  0.977255815788669
4.775682418969514  0.9815207991904392
4.775700215156813  0.9789642497693496
4.785695740356281  0.9815248668903933
4.78571353654358  0.9789683174693036
4.795709061743047  0.9815289345903473
4.795726857930346  0.9789723851692576
4.805722383129813  0.9815330022903013
4.8057401793171115  0.9789764528692115
4.815747568641445  0.9798327037095288
4.815765364828743  0.9772761542884391
4.825772754153077  0.9781324051287563
4.8257905503403755  0.9755758557076666
4.835797939664708  0.9764321065479838
4.835818701883223  0.9734494655567125
4.845829057238774  0.9738796248268482
4.845846853426073  0.9713230754057585
4.8558542427504054  0.9721793262460757
4.855877971000138  0.9687705936846227
4.8658912923869035  0.9687746613845767
4.865909088574202  0.9662181119634871
4.8759224099609675  0.966222179663441
4.8759431721794835  0.9632395386721697
4.885953527535032  0.9636696979423054
4.8859772557847645  0.9602609653808524
4.895990577171531  0.9602650330808065
4.896014305421263  0.9568563005193534
4.9060276268080285  0.9568603682193074
4.90605135505776  0.9534516356578545
4.916064676444526  0.9534557033578085
4.916088404694258  0.9500469707963556
4.926101726081024  0.9500510384963096
4.926125454330755  0.9466423059348567
4.936138775717521  0.9466463736348106
4.936162503967253  0.9432376410733577
4.936180300154552  0.940681091652268
4.946187689478886  0.9415373424925852
4.946211417728617  0.9381286099311323
4.956224739115383  0.9381326776310863
4.956248467365115  0.9347239450696334
4.961281822339446  0.9308911547879758
4.966273652876747  0.9330236464888609
4.972144417331191  0.9287651036120179
4.981329227331494  0.9279166491966124
4.981352955581225  0.9245079166351595
4.991366276967991  0.9245119843351135
4.991390005217723  0.9211032517736606
5.001403326604489  0.9211073194736146
5.001424088823004  0.9181246784823434
5.011434444178553  0.9185548377524789
5.011455206397069  0.9155721967612076
5.021465561752619  0.9160023560313432
5.021483357939918  0.9134458066102535
5.03149074726425  0.9143020574505707
5.031511509482766  0.9113194164592995
5.041521864838315  0.911749575729435
5.04154262705683  0.9087669347381637
5.051547050349947  0.9100492771486626
5.051567812568463  0.9070666361573912
5.0615781679240115  0.9074967954275268
5.06159596411131  0.9049402460064372
5.071603353435644  0.9057964968467545
5.071621149622942  0.9032399474256647
5.081628538947276  0.904096198265982
5.081646335134575  0.9015396488448922
5.091653724458908  0.9023958996852095
5.091674486677423  0.8994132586939381
5.101684842032973  0.8998434179640737
5.101705604251488  0.8968607769728024
5.111715959607038  0.8972909362429381
5.111733755794336  0.8947343868218484
5.121741145118669  0.8955906376621656
5.121761907337184  0.8926079966708943
5.131772262692735  0.8930381559410299
5.13179302491125  0.8900555149497585
5.141803380266799  0.8904856742198942
5.141821176454098  0.8879291247988045
5.151828565778431  0.8887853756391217
5.151846361965729  0.886228826218032
5.161853751290063  0.8870850770583493
5.161874513508578  0.884102436067078
5.171884868864128  0.8845325953372135
5.171905631082643  0.8815499543459422
5.181915986438193  0.8819801136160779
5.181933782625491  0.8794235641949881
5.191941171949825  0.8802798150353054
5.191958968137124  0.8777232656142157
5.2019663574614565  0.8785795164545329
5.201984153648755  0.8760229670334432
5.211991542973088  0.8768792178737604
5.212009339160387  0.8743226684526707
5.22201672848472  0.875178919292988
5.222034524672019  0.8726223698718982
5.232041913996353  0.8734786207122155
5.232059710183651  0.8709220712911259
5.2420670995079846  0.871778322131443
5.2420848956952835  0.8692217727103533
5.252092285019616  0.8700780235506705
5.252110081206915  0.8675214741295809
5.262117470531248  0.8683777249698981
5.262135266718547  0.8658211755488083
5.272136723980447  0.8675296095294889
5.272154520167746  0.8649730601083991
5.282161909492079  0.8658293109487164
5.282179705679378  0.8632727615276267
5.292187095003711  0.8641290123679439
5.29220489119101  0.8615724629468542
5.302212280515342  0.8624287137871715
5.302230076702641  0.8598721643660817
5.312231533964542  0.8615805983467623
5.3122493301518405  0.8590240489256725
5.322250787413741  0.860732482906353
5.32226858360104  0.8581759334852632
5.332270040862939  0.8598843674659438
5.329778574641114  0.8581789842602288
5.342289294312139  0.8590362520255346
5.342307090499438  0.8564797026044448
5.352308547761338  0.8581881365851253
5.349817081539513  0.8564827533794103
5.362327801210537  0.8573400211447161
5.362345597397836  0.8547834717236263
5.372352986722168  0.8556397225639436
5.372373748940683  0.8526570815726723
5.382384104296233  0.8530872408428078
5.379892638074407  0.851381857637093
5.388254868750678  0.8488286979659649
5.39743967875098  0.8479802435505595
5.3974634070007115  0.8445715109891065
5.394971940778886  0.8428661277833915
5.402499728006259  0.8403126291372673
5.4025204902247745  0.837329988145996
5.404979330103219  0.8437223786237088
5.407550879167889  0.8339232894345201
5.410009719046334  0.8403156799122329
5.41254270970519  0.8360557811354052
5.413418677591118  0.8300908381278587
5.418460930659098  0.8249797731356563
5.415140953050808  0.8224218678145819
5.420094225182296  0.830093549927828
5.423503183727079  0.8198687081434539
5.422698400590346  0.8156074534666415
5.425136478250275  0.8249824849356256
5.427734721595894  0.8113485716148023
5.4277584498456255  0.8079398390533494
5.430190595443122  0.8181670536626968
5.430214323692853  0.8147583211012438
5.433623282237638  0.8045334793168697
5.432818499100905  0.8002722246400573
5.432842227350636  0.7968634920786044
5.4352565767608345  0.8096472561090414
5.438712991805081  0.7926049492017614
5.437908208668349  0.788343694524949
5.437931936918081  0.7849349619634961
5.440322558078546  0.801127458555386
5.440346286328278  0.7977187259939331
5.442968257923629  0.780676080111657
5.44299198617336  0.7772673475502041
5.443015714423092  0.7738586149887511
5.445400403521124  0.7909032947210043
5.4454241317708565  0.7874945621595513
5.445447860020588  0.7840858295980984
5.448880546815103  0.7704522552522713
5.4480757636783705  0.766191000575459
5.448099491928103  0.7627822680140061
5.448123220177834  0.759373535452553
5.450490113088568  0.778974764605896
5.450513841338299  0.7755660320444431
5.453159541183382  0.7551146536007138
5.453183269433113  0.7517059210392609
5.4532069976828454  0.748297188477808
5.453230725932577  0.7448884559163551
5.453251488151092  0.7419058149250838
5.4555916867808785  0.7653418682100612
5.45561541503061  0.7619331356486083
5.455639143280342  0.7585244030871554
5.45911928657432  0.7380733636184225
5.458314503437587  0.7338121089416101
5.4583382316873195  0.7304033763801572
5.458361959937051  0.7269946438187042
5.458385688186782  0.7235859112572512
5.4607051245980545  0.7500046055335
5.460728852847786  0.746595872972047
5.460752581097518  0.7431871404105941
5.463422009192331  0.719327029405412
5.463445737442062  0.715918296843959
5.4634694656917935  0.7125095642825061
5.463493193941526  0.7091008317210532
5.463516922191257  0.7056920991596003
5.463537684409772  0.702709458168329
5.465830426540095  0.7329629765762123
5.4658541547898265  0.7295542440147593
5.465877883039559  0.7261455114533064
5.46590161128929  0.7227367788918535
5.469405482833  0.6988770068616676
5.468600699696268  0.6946157521848553
5.468624427946001  0.6912070196234024
5.468648156195732  0.6877982870619495
5.468671884445463  0.6843895545004965
5.4661804182236375  0.6826841712947815
5.4709675926070025  0.7142169813381982
5.470991320856735  0.7108082487767453
5.471015049106466  0.7073995162152923
5.471038777356197  0.7039907836538394
5.47370820545101  0.6801306726486573
5.473731933700742  0.6767219400872044
5.473755661950474  0.6733132075257514
5.473779390200206  0.6699044749642984
5.473803118449937  0.6664957424028455
5.473826846699669  0.6630870098413926
5.476116622798775  0.6937666198194575
5.476140351048507  0.6903578872580046
5.476164079298239  0.6869491546965516
5.47618780754797  0.6835404221350987
5.478857235642784  0.6596803111299167
5.478880963892515  0.6562715785684636
5.4789046921422475  0.6528628460070107
5.478928420391979  0.6494541134455578
5.478952148641711  0.6460453808841049
5.478972910860226  0.6430627398928336
5.481265652990548  0.6733162583007168
5.4812893812402805  0.6699075257392639
5.481313109490012  0.666498793177811
5.481336837739744  0.6630900606163581
5.484006265834557  0.639229949611176
5.484029994084288  0.635821217049723
5.4840537223340196  0.6324124844882701
5.484077450583752  0.6290037519268172
5.484101178833483  0.6255950193653643
5.486414683182322  0.6528658967819763
5.4864384114320535  0.6494571642205234
5.486462139681786  0.6460484316590704
5.486485867931517  0.6426396990976174
5.489131567776599  0.6221883206538883
5.48915529602633  0.6187795880924354
5.489179024276062  0.6153708555309825
5.489202752525793  0.6119621229695296
5.489226480775525  0.6085533904080765
5.489247242994041  0.6055707494168052
5.491563713374094  0.6324155352632357
5.491587441623826  0.6290068027017827
5.491611169873558  0.6255980701403298
5.4942805979683715  0.6017379591351477
5.494304326218104  0.5983292265736948
5.494328054467835  0.5949204940122419
5.494351782717567  0.591511761450789
5.494372544936082  0.5885291204595176
5.496689015316137  0.615373906305948
5.496712743565868  0.6119651737444951
5.496736471815599  0.6085564411830421
5.4967602000653315  0.6051477086215892
5.50024034335931  0.5846966691528561
5.499435560222578  0.5804354144760439
5.499459288472309  0.5770266819145908
5.49948301672204  0.5736179493531379
5.496991550500216  0.571912566147423
5.501826181383043  0.5966279110679338
5.501849909632774  0.5932191785064809
5.501873637882507  0.589810445945028
5.504519337727588  0.5693590675012987
5.5045430659773205  0.5659503349398458
5.504566794227052  0.5625416023783929
5.504590522476784  0.55913286981694
5.504614250726515  0.5557241372554871
5.50463501294503  0.5527414962642156
5.506951483325085  0.5795862821106461
5.506975211574817  0.5761775495491932
5.506998939824548  0.5727688169877403
5.509668367919361  0.5489087059825583
5.5096920961690925  0.5454999734211052
5.509715824418825  0.5420912408596523
5.509739552668556  0.5386825082981994
5.509763280918288  0.5352737757367465
5.512076785267126  0.5625446531533584
5.512100513516859  0.5591359205919055
5.51212424176659  0.5557271880304525
5.512147970016322  0.5523184554689996
5.515628113310299  0.5318674160002665
5.514823330173567  0.5276061613234543
5.5148470584233  0.5241974287620014
5.514870786673031  0.5207886962005485
5.514894514922762  0.5173799636390956
5.517213951334034  0.5437986579153442
5.517237679583765  0.5403899253538913
5.517261407833496  0.5369811927924384
5.520765279377207  0.5131214207622525
5.519960496240476  0.5088601660854402
5.519984224490207  0.5054514335239872
5.520007952739938  0.5020427009625343
5.52003168098967  0.4986339684010813
5.522351117400941  0.5250526626773301
5.522374845650672  0.5216439301158772
5.5223985739004045  0.5182351975544242
5.525068001995217  0.4943750865492421
5.525091730244949  0.4909663539877892
5.525115458494681  0.4875576214263363
5.525139186744412  0.4841488888648834
5.525159948962927  0.48116624787361206
5.527476419342982  0.5080110337200423
5.527500147592714  0.5046023011585894
5.527523875842445  0.5011935685971365
5.5275476040921765  0.4977848360356836
5.5310277473861555  0.47733379656695063
5.530222964249424  0.47307254189013825
5.530246692499155  0.46966380932868534
5.530270420748887  0.46625507676723243
5.530294148998618  0.4628463442057795
5.53261358540989  0.4892650384820282
5.532637313659621  0.48585630592057527
5.5326610419093525  0.48244757335912236
5.5353304700041654  0.4585874623539403
5.535354198253898  0.4551787297924873
5.535377926503629  0.4517699972310344
5.535401654753361  0.4483612646695815
5.535422416971876  0.44537862367831016
5.5377388873519315  0.4722234095247406
5.537762615601663  0.4688146769632877
5.537786343851395  0.4654059444018347
5.537810072101126  0.4619972118403818
5.5412902153951045  0.4415461723716487
5.5404854322583725  0.43728491769483646
5.540509160508104  0.43387618513338344
5.540532888757835  0.43046745257193053
5.540556617007567  0.4270587200104776
5.542876053418838  0.4534774142867264
5.542899781668569  0.4500686817252735
5.542923509918301  0.44665994916382057
5.545592938013114  0.4227998381586384
5.545616666262846  0.4193911055971855
5.545640394512578  0.4159823730357326
5.545664122762309  0.4125736404742796
5.545684884980824  0.40959099948300826
5.54800135536088  0.4364357853294387
5.548025083610612  0.4330270527679858
5.548048811860343  0.4296183202065329
5.548072540110074  0.4262095876450799
5.551552683404053  0.40575854817634693
5.550747900267321  0.40149729349953456
5.550771628517052  0.39808856093808165
5.550795356766784  0.3946798283766286
5.548303890544958  0.39297444517091373
5.553138521427787  0.4176897900914246
5.553162249677518  0.4142810575299716
5.553185977927249  0.41087232496851867
5.555831677772332  0.39042094652478954
5.555855406022063  0.3870122139633365
5.5558791342717955  0.3836034814018836
5.555902862521527  0.3801947488404307
5.555926590771259  0.3767860162789778
5.5582638233698285  0.4006481611341368
5.55828755161956  0.3972394285726839
5.558311279869292  0.393830696011231
5.560956979714373  0.37337931756750176
5.560980707964105  0.36997058500604885
5.561004436213836  0.36656185244459594
5.5610281644635675  0.363153119883143
5.5610518927133  0.35974438732169
5.56338912531187  0.38360653217684915
5.563412853561601  0.38019779961539624
5.563436581811334  0.3767890670539433
5.566082281656414  0.3563376886102142
5.566106009906147  0.3529289560487613
5.566129738155878  0.3495202234873084
5.56615346640561  0.34611149092585536
5.566174228624125  0.34312884993458403
5.568514427253911  0.3665649032195615
5.568538155503642  0.36315617065810857
5.568561883753374  0.35974743809665555
5.5720420270473525  0.3392963986279227
5.57123724391062  0.33503514395111034
5.571260972160352  0.3316264113896574
5.571284700410083  0.3282176788282044
5.5687932341882584  0.3265122956224894
5.573627865071087  0.35122764054300026
5.573651593320818  0.34781890798154724
5.57367532157055  0.34441017542009433
5.576321021415631  0.3239587969763653
5.576344749665363  0.3205500644149123
5.576368477915095  0.3171413318534594
5.576392206164827  0.3137325992920065
5.576412968383342  0.31074995830073515
5.578753167013128  0.3341860115857125
5.578776895262859  0.3307772790242596
5.578800623512591  0.32736854646280666
5.582280766806569  0.3069175069940737
5.581475983669838  0.30265625231726134
5.5814997119195695  0.29924751975580843
5.581523440169301  0.2958387871943555
5.583866604830304  0.31884874890915127
5.583890333080035  0.31544001634769836
5.583914061329767  0.31203128378624545
5.587394204623745  0.2915802443175125
5.586589421487012  0.28731898964070013
5.586613149736745  0.2839102570792472
5.584121683514919  0.2822048738735322
5.58898004264748  0.30351148623259006
5.589003770897211  0.30010275367113715
5.589027499146943  0.29669402110968424
5.592483914191189  0.2796517142024042
5.591679131054457  0.2753904595255918
5.591702859304188  0.2719817269641389
5.591726587553921  0.268572994402686
5.594093480464655  0.28817422355602895
5.594117208714386  0.28476549099457604
5.596762908559468  0.2643141125508468
5.596786636809199  0.2609053799893939
5.596810365058931  0.257496647427941
5.599195054156965  0.2745413271601942
5.599218782406696  0.2711325945987413
5.599242510656428  0.26772386203728826
5.601840754002046  0.25408994871646495
5.601864482251778  0.25068121615501204
5.601888210501509  0.24727248359355913
5.601911938751241  0.24386375103210622
5.604296627849274  0.26090843076435943
5.604320356099006  0.2574996982029065
5.607776771143253  0.24045739129562638
5.606971988006521  0.236196136618814
5.606995716256252  0.2327874040573611
5.604504250034426  0.2310820208516462
5.609386337416718  0.24897990064925113
5.60941006566645  0.24557116808779822
5.6128664807106965  0.22852886118051807
5.612061697573964  0.2242676065037058
5.612085425823696  0.2208588739422528
5.614476046984162  0.23705137053414282
5.614499775233894  0.23364263797268991
5.61795619027814  0.21660033106540977
5.617151407141408  0.2123390763885975
5.614659940919583  0.2106336931828825
5.619565756551606  0.22512284041903452
5.619589484801337  0.2217141078575816
5.622187728146955  0.2080801945367584
5.622211456396687  0.2046714619753055
5.622235184646419  0.20126272941385248
5.624643601994184  0.21489867658465267
5.624667330243916  0.21148994402319976
5.627265573589534  0.19785603070237656
5.627289301839266  0.19444729814092365
5.627313030088997  0.19103856557947074
5.629721447436761  0.20467451275027093
5.629745175686494  0.2012657801888179
5.632343419032113  0.1876318668679947
5.632367147281844  0.1842231343065418
5.632390875531575  0.1808144017450889
5.6347992928793404  0.19445034891588908
5.634823021129072  0.19104161635443617
5.63742126447469  0.17740770303361286
5.637444992724421  0.17399897047215995
5.637465754942936  0.17101632948088863
5.639877138321919  0.18422618508150723
5.63990086657165  0.18081745252005432
5.643333553366165  0.1671838781742273
5.642528770229433  0.16292262349741493
5.64494311963963  0.17570638752785195
5.6449668478893615  0.17229765496639904
5.64756509123498  0.15866374164557573
5.647588819484712  0.15525500908412282
5.650020965082208  0.1654822236934702
5.650044693331941  0.1620734911320172
5.653453651876724  0.15184864934764308
5.652648868739991  0.1475873946708307
5.650157402518166  0.1458820114651158
5.65508694639992  0.15696242613981481
5.657685189745539  0.1433285128189915
5.657708917995271  0.1399197802575386
5.660141063592767  0.15014699486688587
5.660164791842499  0.14673826230543296
5.6635737503872825  0.13651342052105875
5.66276896725055  0.13225216584424648
5.660277501028724  0.13054678263853148
5.6652070449104786  0.1416271973132306
5.667805288256098  0.12799328399240728
5.667829016505829  0.12458455143095426
5.670261162103325  0.13481176604030165
5.670284890353058  0.13140303347884874
5.673693848897842  0.12117819169447452
5.672889065761108  0.11691693701766226
5.675327143421038  0.12629196848664637
5.677925386766656  0.11265805516582317
5.677946148985171  0.10967541417455184
5.680381260613884  0.11947653721371743
5.680404988863616  0.11606780465226452
5.682979503959503  0.10584262389289423
5.683000266178018  0.1028599829016229
5.685435377806731  0.1126611059407886
5.685459106056462  0.10925237337933558
5.688033621152349  0.0990271926199654
5.690489494999577  0.10584567466785966
5.6930224856584335  0.10158577589103202
5.693898453544361  0.09562083288348555
5.693093670407628  0.09135957820667318
5.698129991413175  0.08710069635483408
5.69815075363169  0.08411805536356276
5.700585865260404  0.09391917840272845
5.700609593510136  0.09051044584127554
5.703184108606022  0.08028526508190514
5.70563998245325  0.08710374712979962
5.708172973112107  0.08284384835297187
5.709048940998034  0.07687890534542541
5.705728963389744  0.07432100002435105
5.714091194066015  0.07176784035322292
5.710771216457725  0.06920993503214867
5.715724488589211  0.07688161714539476
5.719133447133996  0.06665677536102055
5.715813469525705  0.06409887003994619
5.720766741657192  0.07177055215319228
5.724175700201976  0.061545710368818174
5.725808994725173  0.0666594871609899
5.7292179532699565  0.0564346453766158
5.730851247793153  0.06154842216878753
5.733422796857823  0.05174933297959883
5.735881636736268  0.0581417234573115
5.738414627395124  0.05388182468048397
5.738447253738505  0.04919481740848619
5.743474676650403  0.046214210267191635
5.743495438868918  0.04323156927592042
5.745954278747363  0.04962395975363321
5.750984667690478  0.046217261042157176
5.753511726286901  0.04280954540569293
5.753535454536633  0.03940081284424002
5.758565843479748  0.03599411413276399
5.761045445576707  0.03940386361920534
5.763596232422862  0.03258741542128818
5.766075834519822  0.03599716490772953
5.7686236553347605  0.029606808279993624
5.773615485872061  0.031739299980878766
5.7744874990497  0.026342479066907787
5.783664399633424  0.026630268838653492
5.783688127883156  0.023221536277200583
5.783705924070455  0.020664986856110845
5.793713313394789  0.021521237696427997
5.79373704164452  0.018112505134975088
5.803750363031286  0.018116572834929068
5.803774091281018  0.014707840273476158
5.813787412667784  0.014711907973430138
5.813808174886299  0.011729266982158704
5.823818530241849  0.01215942625229438
5.823836326429147  0.009602876831204643
5.833837783691047  0.011311310811885189
5.8313463174692215  0.009605927606170184
5.843857037140247  0.010463195371475775
5.853870358527013  0.010467263071429755
5.863871815788913  0.012175697052110523
5.863889611976211  0.009619147631020786
5.873885137175679  0.012179764752064504
5.873902933362977  0.009623215330974766
5.883898458562445  0.012183832452018484
5.881412924403052  0.009626266105940084
5.893911779949212  0.012187900151972464
5.8989362368298925  0.009633384580859605
5.903925101335978  0.012191967851926444
5.9089495582166585  0.009637452280813585
5.913938422722744  0.012196035551880424
5.918959913572209  0.010067611550949485
5.928970268927759  0.01049777082108494
5.93399472580844  0.007943255249972303
5.938983590314525  0.01050183852103892
5.944008047195207  0.007947322949926283
5.949002843763723  0.009653723080629728
5.959022097212922  0.008805607640220536
5.9640465540936045  0.006251092069107678
5.969035418599689  0.008809675340174516
5.97405987548037  0.00625515976906188
5.979048739986455  0.008813743040128497
5.98407023083592  0.006685319039197557
5.994915029640367  0.0071158172843290846
6.004096873609453  0.006693454439105517
6.001608373418843  0.004561979663208815
